header: 
  seq: 193
  stamp: 
    secs: 1666785095
    nsecs:  18555880
  frame_id: "camera_color_optical_frame"
height: 720
width: 1280
distortion_model: "plumb_bob"
D: [0.13714252412319183, -0.44705620408058167, -0.0002813714381773025, -0.001765276538208127, 0.39713406562805176]
K: [894.6505126953125, 0.0, 642.2238159179688, 0.0, 895.2708129882812, 357.1244812011719, 0.0, 0.0, 1.0]
R: [1.0, 0.0, 0.0, 0.0, 1.0, 0.0, 0.0, 0.0, 1.0]
P: [894.6505126953125, 0.0, 642.2238159179688, 0.0, 0.0, 895.2708129882812, 357.1244812011719, 0.0, 0.0, 0.0, 1.0, 0.0]
binning_x: 0
binning_y: 0
roi: 
  x_offset: 0
  y_offset: 0
  height: 0
  width: 0
  do_rectify: False
